0 864
40.56148767412654	34.492148859552174	31.655696685901926

1	1.7650473791979133	7.012412791653081	2.268372340397783
1	5.356291482882295	9.933811578741441	31.605757137809327
1	6.041915272253016	8.837393685034236	3.492798178024128
2	3.6664563171356415	9.577299131671944	2.4066410696993046
1	1.840282016302576	3.5554335422236716	7.289918433648515
1	5.696089248777307	0.5637541236387349	4.977269327681774
1	5.907664133681122	1.8217429331594388	8.801432743397456
2	3.8139433614789335	1.0420827750266353	7.37749231105467
1	8.783234607107923	7.187957911313987	3.518859609390284
1	12.6878529246821	8.760365208346919	2.521786712748614
1	12.15682704923378	9.869445057059014	6.040883945875448
2	10.506135055613424	9.815067046959276	3.560670561068939
1	8.594307691555265	9.273068251711772	8.897868416041735
1	4.173478209325073	7.548479263123573	7.1077142321486795
1	4.58167378284969	6.711600095207042	10.99919898271927
2	6.479302997738364	6.870499772409464	8.767066426245922
1	15.370710635800457	9.036114716661231	7.507339704597326
1	11.55424686664493	6.198847977176394	5.102591234431039
1	10.822528386044995	7.446938269318552	8.965356940332573
2	13.17853843759215	6.625527798733389	7.624590230325428
1	8.38331716335181	1.2057741655689598	3.1555822791000976
1	4.337513170524943	3.3552094463645252	1.9603878780567328
1	5.0928109038148035	4.044135210955331	5.9910851398761
2	6.741514968192022	3.9399060782131405	3.4267539146761417
1	15.285572402999675	1.5728761265079885	2.4517593681121617
1	11.616541219432673	4.296563764590805	31.365163711509815
1	10.927273244212584	3.2359111490055428	3.5055453707205735
2	13.231824555639584	3.93841790784367	2.3243507373850156
1	8.494644480599934	3.7569597567655686	8.47974538506684
1	12.886063945223343	1.639251694946201	7.448254489729377
1	11.83582850342354	0.5179154985327682	11.148859171829148
2	10.323940223262273	1.1116561298823757	8.578193231179188
1	1.9741037645908053	7.207327041408542	13.09855796543854
1	5.151883546788392	9.950586907075316	9.973660003912618
1	6.310137291816107	9.232148061297684	14.156158219758721
2	3.7800824106166107	9.872814075903941	12.733627334051537
1	1.9096430766221062	3.743283686338441	18.038115624388652
1	5.142564134333225	0.9269107038148027	15.042779165308119
1	5.940521896315618	1.84799916987284	18.94502026084121
2	3.6435771733945	1.050064001145087	17.72013151510611
1	8.789380825562437	7.305070095859146	13.576330909683728
1	13.065129768503422	8.937154062601891	12.79961495924356
1	12.484691124877731	10.048855383110531	16.2394325595044
2	10.765571834267952	9.819105244963044	13.803899418300466
1	8.536047370720572	9.139620820345614	19.168751581349852
1	4.074780770785784	7.718850363221389	17.92105269644604
1	4.877797424845125	6.886294694489729	21.469621519400068
2	6.438327492734701	6.696559836572396	19.067159392806523
1	15.065711803064884	9.49197503423541	18.099860619497882
1	11.999581147701337	6.685829079230518	15.421478343658297
1	10.944039321812847	7.601925306814477	19.02349871535703
2	13.406448231238642	6.767035564897786	18.039813509888415
1	8.20846815259211	1.4673888366481906	13.633643899576132
1	3.8998772057385067	3.4794361695467884	12.455817763286598
1	4.8031588431692205	4.482108065210303	16.216308223019237
2	6.3997593389410525	3.991295296069841	13.703559785798541
1	14.951456009129444	1.3839339230518417	12.892283586566677
1	11.570130694489729	3.7330659615259214	10.217484713400715
1	10.784760476035212	3.393095138571894	13.894210850994458
2	13.174337902623591	4.036098311739582	12.70766485022307
1	8.33610813759374	3.603244136941637	19.04411962830127
1	12.765001049885882	1.8923659184871209	17.700648966416693
1	11.9845638278448	0.8149017360286925	21.479101121617216
2	10.31118810391161	1.0874954271032504	19.026866797465825
1	1.8195896785132049	7.215347400717313	23.090500326051515
1	5.5766263123573525	10.482579534398436	20.99698826866645
1	6.217259641343332	9.020255441799804	24.802308249103355
2	3.8229757745926203	9.67036532975657	23.39749444852696
1	1.9581060495598304	3.8359149970655366	28.46310314965764
1	5.129143540267362	1.131441336354744	26.148726501467234
1	5.949569394848386	2.099426161721552	29.55523381806325
2	3.5328089688388835	1.179025426609781	28.599812814988155
1	8.7897624088686	7.137742914248451	24.122743351809586
1	12.778868379523965	9.19125000391262	23.007001969351155
1	11.98049679165308	9.809482517769807	27.087009814150637
2	10.443805513838551	9.757803419351617	24.378364968655767
1	8.499713831757417	9.55957187544832	30.007734365829798
1	4.575273304858167	8.106160114118032	28.36177960221715
1	4.864916438213237	6.54718937202478	0.4850320066314957
2	6.716862587385729	6.9845088652459495	29.72445137493699
1	15.208231313987609	9.533726997065536	28.974811705249426
1	11.654113870231496	6.352732777958917	26.260536687316595
1	11.155918767525268	7.911445304206066	30.175905099445714
2	13.345160900207373	6.9784350449116745	28.925391739200748
1	8.2681709677209	1.6043186136289533	24.470876706879686
1	3.897854841212912	3.446544249755461	23.038163684382134
1	4.578529516791653	4.748028115422236	26.69072932507336
2	6.285593240132986	4.066454837285846	24.27659007210601
1	15.182315702641015	1.4061365425497228	23.165354424519077
1	11.382840449951093	4.359831218128464	20.647672644277794
1	10.94087336159113	3.093240487120965	24.75643520052168
2	13.072310803653814	3.942088434774026	23.179148860620415
1	8.546631055754808	3.8106098904466905	29.698351274861427
1	12.807532096511247	2.4415952024779912	28.306035839582652
1	12.248828229540266	1.0766446610368439	0.409707533204692
2	10.545001408326433	1.3174959924840424	29.591427214786496
1	1.8355850029344638	18.801565047277467	2.0344996564721223
1	5.305039440495598	21.712607394848387	31.338154299120056
1	5.786155537006847	20.214154946201504	3.1476351887838274
2	3.615546195397296	21.446929166072128	2.165632912824263
1	1.7784721721552004	15.12403659602217	7.189326633192045
1	5.534005467883925	12.429324558200197	4.992990134333224
1	6.042065608738181	13.722692598630582	8.423439606781871
2	3.7656883746420853	12.543422892825546	7.3266464131778966
1	8.394207919139225	18.847548392566026	2.9313000717313336
1	13.015213818063252	20.26519372676883	1.8043481956309098
1	11.642435096185197	21.896551463971306	5.7934876941636775
2	10.54920763535335	21.3098680880968	2.909946045326665
1	8.48773667101402	20.99626369090316	7.935525881317247
1	4.198078651450929	19.420839510922722	6.950006069775024
1	5.014825413759374	18.06249813498533	10.998435004890771
2	6.519819452997916	18.531523089737735	8.192175880397249
1	15.089029429409846	20.87271979132703	7.487541525268992
1	11.52804442125856	18.685368796869906	4.7051826403651775
1	10.840521695467881	18.912041291164	8.519779567003587
2	13.204511339811459	18.376935598655855	7.131596309822782
1	8.15817564134333	13.028131483534398	3.715537048581676
1	4.651903023801761	14.301887225301597	1.939337510922726
1	4.581741033583306	15.931229403325723	5.607707573524617
2	6.521497205880253	15.666657201920609	3.324134584474853
1	14.680538500163026	12.669947212259537	2.2287376680795563
1	11.512934254972283	16.43500299315292	31.485671258644018
1	10.803080945549397	14.775703567003585	3.9154367544832085
2	13.060611640887341	15.447826823934825	2.395065340275201
1	8.661816632539942	15.255574848386042	8.70106728594718
1	12.750444212585588	13.204355324421257	7.2180796837300285
1	12.257473857189433	12.364598115422234	10.934492598630584
2	10.433995577739886	12.584033269360653	8.669866251486354
1	2.0589412174763613	18.442443893055103	12.798665823280077
1	5.384504804695141	21.515996628627324	10.371777597652429
1	5.7581374646234105	20.061978376263447	14.426333818063254
2	3.6797970276961283	21.113790457487898	13.035850609999715
1	1.8048434078904465	15.42098205412455	18.094814750570592
1	5.259410933159439	12.526600939028365	15.395631705249428
1	6.176722774698402	13.390586781871535	18.9370249885882
2	3.69747754698068	12.87694262566232	17.93577949473474
1	8.591506074991848	18.58840887512227	13.4970426671014
1	12.895531718291489	20.61928181284643	12.367462797522009
1	12.125888301271598	21.35984076948158	16.258341049885882
2	10.450326027260923	21.192889045570425	13.780629355968722
1	8.317438229540267	20.876547910009783	19.184597261167262
1	4.255801608086077	19.179534581023802	18.145440697750246
1	4.57629398695794	17.755062178024126	21.46805371372677
2	6.44981494901211	18.293794004285452	19.17726961999277
1	15.023603690903164	20.95890573850668	18.009299537006846
1	11.671058591457449	18.292842680143462	15.465707949135963
1	10.968951268340398	19.163410740136943	19.23611716335181
2	13.311066771424903	18.229974708080057	17.850284554402936
1	8.419691000978153	12.970618050211934	13.873746755787414
1	4.112110402347571	14.7203159569612	12.464607753505055
1	4.9891369683730025	16.12557171177046	16.175367746984023
2	6.574482124475615	15.60682614044976	13.694212155760395
1	15.084771600912942	12.830950668405608	12.950388959895662
1	11.906784297358982	15.436246964460384	9.841484167590478
1	10.709684095207042	15.008281538963157	13.449923377893708
2	13.300996191485215	15.381294356135193	12.41696169439609
1	8.688151922399738	15.130339197913269	18.982807838278447
1	12.773244623410498	13.352358063253995	17.74973046625367
1	12.085180736876428	12.183170407564395	21.709287564395176
2	10.469839200496084	12.462936328752983	19.01519575247567
1	2.1929487812194326	18.568231313987607	23.691272598630583
1	4.919489015324421	21.538871490055428	20.680498761004237
1	5.996671554613629	20.594676237365505	24.143956498206716
2	3.5365629446576863	21.43574385434206	23.358498840287094
1	1.8175578643625692	15.125115735246169	28.361768066514507
1	5.701556940332573	12.523995702641017	26.43682746005869
1	5.845094547114443	13.996581969351157	30.21384429083795
2	3.806925255843155	12.726715346546428	28.781296086845884
1	8.667782129768502	18.412551868275187	24.24380287577437
1	12.621108581675903	20.275661688946855	23.128118826214546
1	12.056102217150308	21.29903597652429	26.803051522660578
2	10.41242984048448	21.095777954634094	24.299554792243374
1	8.553713233126835	21.107137300293445	29.37074206716661
1	4.395301402673622	19.14131657645908	28.020868783827844
1	4.849300137593739	18.241143521356374	0.2788897307919136
2	6.564771762554341	18.551673738263744	29.351197639669717
1	15.224760149983695	21.012324479947832	28.839867636126506
1	11.682188438213238	17.997484512552983	25.81591034887512
1	11.109221454189763	19.395140313009456	29.84015960873818
2	13.285503294355184	18.434787132097643	28.573350317128497
1	8.266233794587546	12.870669325073363	24.103955656993804
1	4.291345381806325	14.55841655689599	22.923759047929575
1	4.908925933485491	15.808725947179655	26.89227243560482
2	6.585192944182056	15.56416586522455	24.248683332500974
1	15.098237730681445	12.897163847407889	23.4856145810238
1	11.688806749266382	15.990279478317575	20.620369598956632
1	10.887865184219105	14.592534783175742	24.46803580045647
2	13.19742483638214	15.4893452744642	23.315915117410086
1	9.054349338115422	15.678357508966416	29.16901696119987
1	12.670775226605805	13.708294652755136	28.816394300619496
1	11.590078121943266	12.516882627975217	0.9322380451055743
2	10.35647875242573	12.876510115888054	29.668968097490556
1	1.680792487120965	30.51976749266384	1.8200715678513204
1	5.439099355070101	33.28537960221715	31.161908819570005
1	6.1424144219106624	32.04423938702315	3.159055485490707
2	3.777871515676874	33.00092761158357	1.9505477422685809
1	1.9052894254972288	26.495362406260192	6.904679363547441
1	5.6456344629931525	24.012423253994132	5.10258576980763
1	6.158126641669384	24.827633042060643	8.813720938376264
2	3.8371990225735564	23.952272725045898	7.296192373184271
1	8.552325135963482	30.24272145418976	3.511083680469514
1	13.082019550048908	32.34125537006847	1.8888003606129768
1	12.15587736550375	33.123601115096186	5.785163002282359
2	10.536856906683122	32.81837856130438	3.3053702372815663
1	8.245062333876753	32.409582686664486	8.981059236387349
1	4.0346220717313335	30.576827427453537	7.210891710466253
1	4.611922097815455	29.710600117378544	11.277731294424518
2	6.394322234596616	29.858485324809983	8.88592730560867
1	14.759558167590479	32.47404056732964	7.963844412781219
1	12.077386879686989	29.95265945223345	4.823967257254646
1	10.710105145092925	30.61878768829475	8.64316048190414
2	13.30035480318294	29.785513963048047	7.593672547289841
1	8.420940923377893	24.69897108575155	3.1967527427453537
1	4.21917559569612	26.25376988588197	2.0030758663188784
1	4.652591040756439	27.272973850668404	5.865446406912292
2	6.4034429412688	27.177775686338865	3.2710257304895207
1	14.750362601891098	24.506228216498204	2.4711905262471467
1	12.116187257906748	27.181389631561785	31.353867512527295
1	11.002710433648515	26.35740875122269	3.3381244864688617
2	13.450146435485099	27.293286260023965	2.4027499125036864
1	8.544792747962177	26.836177091620474	8.890973180958593
1	12.722358982719268	24.914425203782198	7.523074609716335
1	12.116966873165959	24.06620088686012	11.28774910987936
2	10.384066149474899	24.216733357115	8.917252690181977
1	1.8620243775676557	30.14117593087708	13.02022732963808
1	4.972339263123573	32.65219351809586	9.840018144114769
1	5.993443456798174	32.11376268014346	13.896151033583305
2	3.531269443746848	32.78123751415009	12.469116818274784
1	2.1726876217802413	26.946623984349525	18.18337977176394
1	5.3245107029670695	23.857367394848385	15.519352174763611
1	6.306758446038474	24.95061865014672	19.650382967068797
2	3.8251999887274897	24.25040481566831	18.152237356596554
1	8.698010499510923	30.309826794913597	14.296611705249429
1	12.935365092924682	32.2064618063254	12.725549188131724
1	12.134447518747962	33.114474228888156	16.509909592435605
2	10.485369961711521	32.94032804357752	14.131598974772409
1	8.367712031300945	32.61398646886208	19.62963878056733
1	4.2693330322791	30.434377900228238	18.055102536680792
1	5.282243245516792	30.14986732311705	21.83536179328334
2	6.784043913986474	29.849106766121597	19.481070048181657
1	15.355538532768177	32.705492768177365	18.293220091294423
1	11.946480462993152	30.06290025432018	15.530253218128463
1	10.791588509944571	30.787453185523315	19.421920743397457
2	13.327669209045595	30.239380237436144	18.14360678324439
1	8.29190138050212	24.31694060645582	13.628016550374959
1	4.141488212585588	26.35385917182915	12.833951327029672
1	5.317114016302576	27.028420130420606	16.559142947505705
2	6.666868527225251	27.0808912588111	14.003212221992337
1	15.143854691881316	24.389165627649167	12.955795259210955
1	11.84943132702967	27.19033287903489	10.111910693185523
1	11.007706873165962	26.094246814476687	14.090630596674274
2	13.336142450629263	27.03583382668398	12.787729290331324
1	8.964237240299967	26.70441012063906	19.134134502771435
1	12.85343492011738	25.214016987283994	18.05511381154222
1	12.250213648516464	23.64830063253994	21.46078506684056
2	10.696189820258173	24.055048865614562	18.9821610004471
1	1.8518526012389958	30.319007779589178	23.56573582001956
1	5.256373684382131	33.4016448386045	20.599345725464623
1	5.9961085119008795	32.107986710140196	24.54411884577763
2	3.7186821987457552	32.894525155175366	23.424650817851468
1	1.9367238826214543	26.971103410498856	28.828773094228886
1	5.164766993152917	24.090056954678836	25.91187760678187
1	6.227729285295076	24.89128185197261	29.563346586240627
2	3.6537553000294887	24.243866695799206	28.494366656678366
1	8.8116004734268	30.184575741767198	24.817854783175736
1	12.9479820867297	31.970843716987282	23.47499248777307
1	12.402169201173786	33.08172731659602	26.97408046299315
2	10.586317473316972	32.82777020181121	24.686401304781064
1	8.577592896641669	32.43220517769807	30.063567636126507
1	4.189436010433648	30.66211881969351	28.39655167264428
1	4.731372071079231	29.94114245842843	0.5927517718744006
2	6.540890652545112	29.98944567423398	29.907195434276993
1	15.161346286273229	32.63262398434953	28.50999435278774
1	11.737172761656343	29.77698358656668	26.194978102380176
1	11.102292292142158	30.900218252363874	29.81932986631888
2	13.417885560367377	30.004336479528746	28.701041378789608
1	8.313302775350506	24.224468999021845	24.46266768829475
1	4.308411388979459	26.553143201825886	23.035884753831105
1	4.852368775350505	27.236179223997386	27.02690835996087
2	6.618638808574242	26.94749327073999	24.566469433544516
1	14.898433179002282	24.53779212259537	23.668719237039454
1	11.270932507336159	27.766949611998694	21.16647187479622
1	11.043256726442777	25.752810277143784	24.837191750896643
2	12.972850355179173	27.061933235233962	23.74454213825709
1	8.659119603521358	26.820973922399737	29.956123462667104
1	12.498281010759698	25.202960730355397	28.28995976524291
1	12.59339454841865	23.700952011737858	0.35038122736836996
2	10.54830840879256	24.154205970149253	29.70740784236085
1	15.189130146723182	7.108138016954679	2.294955002282361
1	18.6368090968373	10.2156053120313	31.551749403997785
1	19.62984849038148	9.141868199543525	3.5307174483208352
2	17.065935403765113	9.765858065088038	2.3798757666340853
1	15.107166240626018	3.5259069201173787	7.2964320730355405
1	18.93354000652103	0.3994712275187479	5.330642552983372
1	19.194674711444403	2.0619074320182587	9.076360186501468
2	17.08340097278902	1.0457625351148176	7.83876187747924
1	22.10783779589175	7.026184835343984	3.5139541473752853
1	26.26814448646886	9.010416370394523	1.6882500371698728
1	25.641431072709487	10.330192841212911	5.786600751874795
2	23.966238760903895	9.616178227017398	3.25011652319188
1	21.8290897424193	9.19805544310401	8.335493170524943
1	17.558269409846755	7.319960457776329	7.321281988262146
1	18.372375722204108	6.732986635148354	11.075284245190737
2	19.990146625976237	6.647993488247102	8.593755504944209
1	28.474712983371372	9.976148354744048	7.414252545810236
1	25.29175700032605	7.013708649494619	5.079497660906423
1	24.510909305510268	7.640525507010107	8.749665622432342
2	26.970020278982723	7.140367144202506	7.476585614173396
1	21.645262940984672	1.4464745627649167	3.0814351946527547
1	17.861001773720247	3.224899561134659	1.9804725392892073
1	18.12443293772416	4.332490631235735	5.660520386044996
2	19.99953225875879	4.095150289946064	3.259463637429487
1	28.550581851972613	1.358432254841865	2.1553902067166613
1	25.196327460058686	4.52582520639061	0.07810800912944245
1	24.37737611998696	3.2527010987936094	3.617001583306162
2	26.837328905068347	4.055649106915233	2.498616006781342
1	22.00936862080209	3.478044252363873	8.739747148353441
1	26.27774075643952	1.8087449122921422	7.052901484186501
1	25.78465070101076	0.8616082805347244	11.03075700032605
2	24.027512025555783	1.0219049601181471	8.659452753952513
1	15.562726123247472	7.126576539289207	12.857364212585587
1	18.939656074339748	9.958881851320507	10.08814263188784
1	19.736815461362895	8.87352438082817	13.867962295402672
2	17.338607467205087	9.673472136295102	12.744276772328606
1	15.630595180958592	3.898793925660254	18.453986631887837
1	18.687193968046948	0.9295436569285945	15.510044336485164
1	19.764083593087708	1.9022924629931528	18.900983110531463
2	17.252985587954115	1.2020539709483173	18.123701381476938
1	22.126445138571896	7.211128558852298	13.7761
1	26.179627355722204	9.245357501793283	12.589940906423214
1	25.48192061297685	9.647376512552983	16.353429377241604
2	23.810075352801	9.913265105590593	13.997928783425131
1	21.788713446364525	9.64555474209325	19.03853641995435
1	17.656733863710468	7.75538743658298	18.160878656667755
1	18.572507896967718	6.499823433322466	21.65318985979785
2	20.039661551349372	6.9882573617928525	19.13256394961141
1	28.5006908183893	9.61193221715031	18.221248946853603
1	25.067063984349527	6.519778082164982	15.432545516791652
1	24.345142197587222	7.720112935767851	19.135479171829147
2	26.722468334237032	6.973568443727823	18.005676855207707
1	21.68501515487447	1.4284503840886862	14.061102191066189
1	17.59633658298011	3.1254161754157157	12.814893531137919
1	18.085632526899246	4.420820225627649	16.328817756765567
2	19.84917377298498	4.013067486194742	13.989971137144106
1	28.563308209977176	1.7949650231496577	12.57446299967395
1	25.187726586240622	4.271806252363874	9.784771435278774
1	24.35991994783176	3.442700390609716	13.555828751222691
2	26.69086318467414	4.402709881448398	12.364970731191082
1	22.24020705575481	4.124731136615585	19.107883723508316
1	26.317063945223342	2.1474177450277145	17.679521173785453
1	25.40199232474731	1.093476285816759	21.683142314965764
2	23.902479923518165	1.3854588026906576	19.083712524970743
1	15.21755617867623	7.174142766873166	23.429928803390933
1	18.736526605803718	9.971626433648515	20.96347276165634
1	19.659789892403	8.809290300619496	24.64868937072057
2	17.236601481835564	9.637904847749779	23.454994294302864
1	15.507258434952723	3.934236371046625	28.468382680143456
1	18.874953492011734	0.9348292562764917	26.030534222367134
1	19.603630505379847	2.0962885973263776	29.5752582588849
2	17.225563992537314	1.2536689608708371	28.550896786145753
1	22.14340057385067	7.101655599608738	24.103877958917508
1	26.287694222367133	8.780820567329638	22.983348333876755
1	25.40392140202152	9.795925366807957	27.289763175741765
2	24.039323205078816	9.551083424310093	24.477169274564083
1	21.658920410824912	9.592336785784154	29.863412253015976
1	17.61682186501467	7.959033675252689	28.49325615259211
1	18.34471255298337	7.091279742419302	0.5069116414537937
2	19.92150952146533	6.9462957371483895	29.709664113110357
1	28.579627955656992	9.685457555265732	28.445349272905123
1	24.951729018584935	6.594443799804369	26.146740143462665
1	24.352574887512226	7.488643926312357	29.868691731333552
2	26.74956621267468	7.042531613312501	28.47022288735576
1	21.95273502445386	1.403610908379524	24.53951134659276
1	17.71686302575807	3.281951984349527	23.124845595044018
1	18.332156400391263	4.224318262797522	26.991256706879685
2	20.081167575126283	3.9861253939789587	24.459873682495743
1	28.606531124877726	1.3980909553309422	23.24164271926964
1	25.039862784479944	4.470971897619824	20.738077385066838
1	24.43202386697098	2.953225985653733	24.62755122269318
2	26.631780453849306	3.9921528826469945	23.366789141767264
1	22.212733296380826	3.7513659034887517	29.54769799804369
1	26.472780547766547	2.109939558526247	28.61353094228888
1	25.637924551679166	1.0580171680469515	0.677615214978406
2	24.098991425520584	1.214117491729926	29.68937330662652
1	15.308029957613302	18.30621517443756	2.145586564069123
1	18.938389175089664	21.675161506358002	0.0031581666123247413
1	19.355697489403326	20.672618128464297	3.5473924760352133
2	17.03101809749056	21.045852649872057	2.276463877761051
1	15.228436067818715	15.180148594717965	7.4207031613955
1	18.923552481252038	12.354943964786436	4.99840480013042
1	19.508664440821647	13.459558884903815	8.442327457450276
2	17.167153856197025	12.598486893924262	7.4142485659180215
1	22.025717104662537	19.088785445060317	3.4242533459406586
1	26.34183911313988	20.534680599934788	1.864179013368112
1	25.790347877404624	21.710978695793937	5.5580359165308115
2	24.045485316010772	21.530175007491227	3.1826075337699646
1	22.05346824258233	20.879337678513203	8.7378829677209
1	17.722569409846756	19.258297665471144	6.991046154548418
1	18.232165660254317	18.10620181284643	10.922272898597978
2	19.95500406155171	18.48953118263843	8.436402213300134
1	28.46393622432344	20.98941664166938	7.724197901532442
1	25.156673224649495	18.269824760352137	5.2178239354418
1	24.582481630257583	19.15566182588849	8.82073114835344
2	26.86808518818432	18.215240110513403	7.64554098167147
1	21.873469905445063	12.782764838604498	3.546088009781545
1	17.456746631887835	14.915588007825237	2.2290474489729375
1	18.263882158461037	15.987915213563742	5.841905075970003
2	19.969020271610397	15.318797447632774	3.4409292879531588
1	28.60089752852951	12.878676426475383	2.2068151072709488
1	24.91013891098794	16.048714991848712	0.1516445535702641
1	24.396056093902832	14.808611111835669	3.8692876119986956
2	26.78776909715286	15.473220856282644	2.4748350905510685
1	22.126349911966088	15.424262627975217	8.408364822954026
1	26.165107623084445	13.28718522334529	7.4017267570916205
1	25.61403861754157	12.491106605803717	11.283673720247798
2	23.88936465140835	12.697479185929812	8.755598889669722
1	15.481140241278121	18.518873570264102	12.744579582654058
1	18.905466377567656	21.51639435278774	10.406672547114443
1	19.07423132702967	20.29031337463319	14.320004890772742
2	17.000435216008867	21.274663497759768	12.72649513153639
1	15.068505229866318	15.03536829475057	17.799712768177372
1	18.818851659602217	12.310553602869252	15.55443016628627
1	19.735332539941307	13.173811907401369	19.321429572872514
2	17.2009332114523	12.658028981407496	18.022176518102608
1	22.00258747962178	18.601486371046626	13.869638663188782
1	26.240541525921095	20.316305601565045	12.537525334202805
1	25.414970948809913	21.29685945875448	16.560883749592435
2	23.895108568415097	21.203008615383887	14.046938047810661
1	21.762731620476035	21.013827629605476	19.190829214215846
1	17.454414489729377	19.025839889142482	18.018828444734268
1	18.499706084121293	17.937482849690248	21.790189344636453
2	20.00431914602418	18.356698002221204	19.22690827673297
1	28.213679784805997	20.913947342680142	18.690774822301925
1	25.289692579067488	18.362842543201822	15.401311203130096
1	24.406455683077922	19.044059191392236	19.3906323443104
2	26.715029190567243	18.17236491657392	18.134190598869896
1	21.944797098141507	13.33144724486469	13.89196103032279
1	17.709469272905118	14.661049383762633	12.779626957939355
1	18.23501825236387	15.707447323117051	16.662287923051842
2	19.854648394618685	15.710453948113162	13.991409340249044
1	28.40597704597326	12.792532050864036	12.798967655689598
1	25.227818884903815	15.608644193022498	10.394799317900228
1	24.51170582980111	14.776993400717311	14.344449338115423
2	26.8838458929064	15.541520173392124	12.918892597362134
1	22.04475961525921	15.264625164656016	19.36579032931203
1	26.36968727094881	13.350523834365829	18.10806524290838
1	25.41097163351809	12.323171418324096	21.86215004890773
2	23.851803723970967	12.598199052895179	19.28208226993617
1	15.14850101728073	18.41500189109879	23.314707479621777
1	18.931336498206715	21.51476939680469	21.05119297685034
1	19.24152631235735	20.137859634822302	24.733458069775022
2	17.104421394104996	20.89637959283411	23.48299254599374
1	15.42482571242256	15.491012996413435	28.852912357352462
1	18.72289377893707	12.340432396478642	26.401660149983694
1	19.378901649820673	13.782278839256604	30.151521134659273
2	17.14024547910543	12.761057184322173	28.96019261270131
1	22.355452839908704	18.585557326377568	24.044471848712096
1	26.354466788392564	20.48740589501141	23.879054268014343
1	24.882212572546464	21.29716488425171	27.208864955983046
2	23.86579547470582	21.363419984684604	24.45073918564443
1	21.798689416367786	21.318482771437886	29.673909018584936
1	17.84344852950766	19.428505555917834	28.535563325725466
1	18.749225797195958	18.293964675578742	0.8052071028166843
2	20.115745067920436	18.594498445868176	29.73478041496628
1	28.488162888816433	21.323991190088034	28.70328226931855
1	24.926506462341045	17.958988770785783	26.343328040430386
1	24.459928353439846	19.076942301923705	29.894683619171833
2	26.748505997973794	18.518068880858614	28.610132965193145
1	21.577138519726116	12.448013087707858	24.318758891424842
1	17.67588768829475	14.469903514835345	22.947874828822954
1	18.5500023866971	15.52669821975872	27.168538428431688
2	19.95828500066588	15.165227308961885	24.4196798211381
1	28.76420286925334	12.876878154548418	23.14347188131725
1	25.036324910335832	15.584424988588196	20.90360709488099
1	24.41432638408869	14.538957835017932	24.745559641343334
2	26.806604924231618	15.294813491695445	23.277962610465835
1	22.073704558200195	15.501977502445385	29.879704740789045
1	26.381470961851974	13.491631007499183	28.528960163025754
1	25.436617652429085	12.744369618519725	0.6906937216624662
2	23.833002316453108	12.860476533085054	29.95583712103916
1	15.376841734594064	30.384682843169223	2.5667943971307468
1	19.048520906423214	32.98594776654711	31.509862732527292
1	19.623050974894035	31.817833433322463	3.693924620802086
2	17.362099425197147	32.82439998775244	2.424839644631765
1	15.292472624714703	26.920814039778282	7.637233491359634
1	18.63379259863058	24.093647336159112	5.175108232800782
1	19.468628862080205	25.457763932181283	8.868576095859144
2	17.15553286174291	24.32729301140093	7.68690079670957
1	22.12339537006847	30.13628623410499	3.509882074991849
1	26.375097130746656	32.30198376263449	1.9327163612650797
1	25.717588764264754	32.956419204434305	5.854310243886533
2	23.974701776490395	32.73792363219752	3.46005341641458
1	22.242371666123248	32.409361962830125	8.624878702314966
1	17.7823267101402	31.004051405282034	7.253408216498206
1	18.450837026410174	29.62684406912292	11.281329905445059
2	20.040524346717657	29.98129244183005	8.55634772950496
1	28.30753270296707	32.361312924682096	7.459543758069774
1	25.39389863710466	29.834669344636453	4.815524668405608
1	24.5209939354418	30.62766311053146	8.551242897293772
2	26.850654735999733	29.600898670248178	7.447492442793205
1	21.988153081186827	24.33022551027062	3.272610850994457
1	17.727617280730353	26.021485151613955	2.0945739413107267
1	18.51826406912292	27.321637019889142	5.699783182262798
2	20.149964217749684	26.88316919299297	3.20494828944427
1	28.989228777306813	24.567332663840883	2.3747597861102054
1	25.461066977502444	27.45866669709814	31.282966114933554
1	24.66452041082491	26.570760078252366	3.243586723834366
2	27.07169932507633	27.178225408450107	2.0980318251879946
1	22.41088263449625	26.470815409194653	7.936964820345615
1	26.408556022171503	24.496144336485163	7.28223597652429
1	25.435766481904142	23.87096852298663	11.383652207368764
2	24.03158017619836	23.831934296134055	8.588080155413182
1	15.24649030322791	29.9568855493968	13.068982901858492
1	18.833932233452888	32.83855129442452	10.610444558200195
1	19.407870140202153	31.869098363221386	14.237659830453211
2	17.016074534354992	32.58185225866366	12.918995586598555
1	15.46798751222693	26.85725314639713	18.420181447668732
1	19.006789396804695	23.96321411803065	15.861812468209974
1	19.52189959569612	24.847237645908052	19.67046876426475
2	17.203136851711808	24.15095892371317	18.36834769412973
1	22.346601786762307	30.05030564069123	13.661959680469513
1	26.65264279100098	32.24083914574503	12.588398976198238
1	25.74231049885882	33.15356486468862	16.44097977828497
2	24.133194226406207	32.74592826165539	13.99694638340325
1	21.946970009781545	32.633499543527876	19.03722630583632
1	17.921925151613955	30.584290564069118	18.0176545810238
1	18.895299341375935	29.906751340071725	21.973150153244212
2	20.380188206791093	29.8730580215557	19.38031394675761
1	28.82829537006847	32.25992198239322	17.691771470492334
1	25.37453261167264	29.960428405608084	15.268931294424519
1	24.406068451255294	30.20726691229214	19.12751579393544
2	26.924584661420432	29.697486845409664	17.705057046626337
1	21.976432631235735	24.396039889142486	13.51464831431366
1	17.98968224323443	25.81103661558526	12.501026031953048
1	18.68737490055429	27.339692709488098	16.608617958917506
2	20.14372502508966	26.998283915032864	13.783166421596608
1	28.838197476361266	24.208191966090645	12.996202686664493
1	25.417500710792304	26.989368255624388	10.16789015715683
1	24.57069549396805	26.19161823280078	14.005917522008476
2	26.97847729766559	26.847400730453845	12.763076933092666
1	22.20510769481578	26.650519263123574	18.99311454841865
1	26.55148956635148	24.732559465275518	18.27240282360613
1	25.152230883599607	24.07826811216172	21.847650238017607
2	23.98232246249631	24.01033105267163	19.207585299839234
1	15.470242588849038	30.14915463971307	23.359984408216498
1	18.862595422236712	33.0739462797522	20.72781493315944
1	19.637737691555266	32.2764378284969	24.785958904466906
2	17.26926261201164	32.79353618344701	23.24386991262616
1	15.57542406912292	26.873469285947177	28.786446038474082
1	18.886317671992174	24.015204140854255	26.232338826214544
1	19.55995215520052	25.36955823280078	30.223586664492988
2	17.309697820648193	24.253223270478394	28.881560259291504
1	22.151653231170524	30.11392451907401	24.462533185523313
1	26.22447433322465	31.946405073361593	22.851455298337136
1	25.589825816759046	33.10157157482882	26.87257818715357
2	23.859871701720845	32.81325919244599	24.365272780338273
1	22.043987825236385	32.64334594065862	29.810481121617215
1	17.85460627323117	31.01760216498207	28.51919087707858
1	18.518995728725137	29.84658759047929	0.5762053747436546
2	20.138415579606743	30.049774836144323	29.658451687546968
1	28.680767799152267	32.44313829149005	28.051230909683728
1	25.126253576785132	29.733431829149005	25.91963538311053
1	24.60988544506032	30.825101395500486	29.77322732963808
2	26.824795292419353	29.758233197896747	28.271344608934303
1	22.002760939028366	24.303890427127484	24.63588457776328
1	17.618028027388327	26.165953831105313	23.003127949135962
1	18.194442914900552	27.290218741441144	26.997729514183238
2	19.962334015629313	26.830358701354598	24.502170259006117
1	28.746882125855883	24.470139784806	23.155774652755134
1	24.913371222693186	27.28375334854907	20.890570211933486
1	24.541479850016295	26.348379589175092	24.70872522334529
2	26.8278724380012	27.078558479233852	23.220780758492435
1	22.482409383762633	26.89078932507336	29.916019047929574
1	26.298105621128137	24.95575554613629	28.406292813824585
1	25.865142314965762	24.366045366807953	0.58198032094516
2	24.065611938395975	24.135360692355622	29.94566282343064
1	29.038607042712744	7.421470198239322	2.2609790655363544
1	32.42684376915553	10.243551285295077	31.409395439165703
1	33.31338008477339	9.338555223997393	3.5936827942614933
2	30.865128767729235	10.039099743776339	2.3400027861980726
1	28.981810857515487	3.520428676882948	7.164745240952071
1	32.372377195956965	1.1120526238017607	4.938975336159114
1	33.296322067166614	1.7303445921095533	8.738768484512553
2	30.80211891082351	0.883588181353034	7.3266700592758
1	35.69384987936093	7.389444365177698	3.3246557039452234
1	39.896022836648186	9.408327167264426	2.064323696119987
1	39.32954483208347	10.246174254320183	6.0427400886860125
2	37.640164109543115	10.032796121162827	3.4292854781303816
1	35.39209229214216	9.661469983697424	8.92749090120639
1	31.372916269970652	7.730617896315618	7.439626303227909
1	31.719440469514183	6.743981730681447	11.01766201499837
2	33.720436567402	6.915339035356202	8.756433361253007
1	1.555377184041042	9.535517350505378	7.303222682099771
1	38.61043595044017	6.711379121617215	4.839734239321813
1	37.941677130746655	7.538636845777633	8.855654018910988
2	40.36552081977779	6.885322257522141	7.380454374435186
1	35.16388130420606	1.5698990714052818	3.063860928594718
1	31.156947812194325	3.471720401043365	2.300391338115422
1	31.975358369742416	4.360441921095533	5.846498777958916
2	33.557430606765394	4.289019767355859	3.2635690500057075
1	1.9199523323944945	1.7580600013042058	2.1063437463319206
1	38.55761375285295	4.321784850342354	31.449123666071472
1	38.10750418650146	3.306910609716335	3.5427103573524614
2	40.36988635348591	4.223122362720337	2.1258706047764284
1	35.81540590805347	3.607839244212586	8.578245362895338
1	39.757441851972615	2.0622384408216496	7.138080944897294
1	39.183441545484186	0.9550409259210954	11.066469253342028
2	37.5612185623032	0.9543194684191375	8.559001301951048
1	28.969462099771764	7.601476241278121	12.750411072709488
1	32.81621455493968	10.337718217150307	10.309499889142483
1	33.093791346592766	9.261751856537334	14.028052709488101
2	30.928429469407266	10.124725096280072	12.687730990244761
1	28.996270107597	3.7230426957939353	18.047594026736224
1	32.334940860776	0.6634188768177373	15.35945518747962
1	33.23691946527551	1.9351085816759046	19.05668125855885
2	30.797447820410373	1.0903123490292326	17.923405047896274
1	35.80825739158787	7.167446755135312	14.186503625692858
1	39.747496909031625	8.838049387675253	12.492440939028365
1	39.260306599282686	10.315665848712095	16.314254483208344
2	37.55342028373905	9.8005453177825	13.83828878730154
1	35.42988494946202	9.531863385718943	19.041459302249756
1	31.272300026084118	7.807533538963155	17.732940939028367
1	32.07620019563091	6.744373667427452	21.67573606781872
2	33.564225847578555	6.909497727364612	19.092944506197497
1	1.573826437383076	9.833023096837302	18.09634689272905
1	38.74225056406913	6.729258560808608	15.637528881643298
1	37.972730133681125	7.545833936093903	19.410218532768177
2	40.38010416286159	7.140291693920457	18.068310995334038
1	35.01591996739485	1.5798869116400391	13.737499282686665
1	31.151341460710793	3.645027199869579	12.710748777306813
1	31.727696517769804	4.44622337854581	16.41707964134333
2	33.45669522238236	4.337026516235744	13.925787646613962
1	1.546951804191039	1.513248570590153	12.593507616563418
1	38.577166892729046	4.04902959765243	10.368917537006846
1	37.91265132050864	3.258814552983371	14.056771346592761
2	40.38126219345433	4.116681374865634	12.67657426669235
1	35.631329840234756	3.694666704271275	19.211437737202477
1	39.97672867297033	2.2102234815780895	17.582489527225302
1	39.27993543527877	0.8420266109553309	21.23325590479296
2	37.57697480950886	1.1939564568481682	18.94538971978064
1	28.848904114770132	6.950652159765243	23.483700547766546
1	32.236652944245186	9.748431651776983	20.53895263775676
1	33.13285311379198	8.80729593739811	24.554015044016953
2	30.75198021222758	9.575706622908402	23.27660928352977
1	29.019465536354744	3.898247413759374	28.412636778611017
1	32.0795862145419	1.2389781725464626	25.615950172807302
1	32.98488063253994	1.7320161584610367	29.817591457450277
2	30.50467499821639	1.1257120414240938	28.217495506097613
1	35.90481694815781	7.2677148816432995	24.55119940006521
1	39.85069874144114	8.771818674926637	23.322637072057383
1	38.677763710466245	9.976622238669709	27.316450322791002
2	37.52311701506807	9.95754850390733	24.568910464170543
1	35.23676313009455	9.475493407238345	29.782867910009777
1	31.240625014672318	7.708066648190414	28.78213159439191
1	31.906594685360282	6.724248343658297	0.7111618533872779
2	33.54922282052928	6.755222285762869	29.84405067218877
1	1.734557073183531	9.678365050537984	28.523469246820998
1	38.59630950766221	6.479831156178676	26.328638089338114
1	38.14806225627649	7.9312662921421575	30.353345523312683
2	40.38236007486468	7.151122001500623	28.747404487243525
1	35.515654365829796	1.1427948298663186	24.29778177372025
1	31.480670864036515	3.0391942164982066	22.69443608086078
1	32.156319106618845	4.415922126507988	26.735024890772742
2	33.721092462401195	3.862833261393796	24.168981429016483
1	1.2953807445236052	1.4420873055102708	23.205304962504073
1	38.77095675904793	4.001131407890446	20.62843312683404
1	38.20620271274861	2.9399483697424196	24.51759986305836
2	40.34399097771182	4.11034222394243	23.249483318350887
1	35.73094217802412	3.603450285621128	29.548618741441146
1	39.826705979784805	2.227659416367786	28.538165001630258
1	39.56249874144114	1.0033145793283338	0.31829586056041137
2	37.68356431335199	1.0903490896533112	29.60201449147666
1	29.138701682425822	18.58787998695794	2.33165768177372
1	32.51415253342028	21.396288842517116	31.522937929918882
1	32.95001323769155	20.184251744375608	3.5594577463319204
2	30.752787073594746	21.29129721754516	2.40614425520105
1	28.926267094880988	15.300398363221387	7.739670770133681
1	32.1122116987284	12.49025330942289	5.070288460384741
1	33.038937111183564	13.40459799152266	8.863979645255949
2	30.641219248760986	12.707935068681447	7.641792989402891
1	35.620314880991195	18.52617478317574	3.6807266044995117
1	39.909137828496895	20.327322562764916	2.1064147153570265
1	39.34884494946201	21.565784375611344	5.4980941115096185
2	37.49657245714543	21.149384703870698	3.341012904942306
1	35.51799487447017	20.972361688946854	8.881542716009129
1	30.9738137202478	19.31971895663515	7.567436889468536
1	31.569797013368113	18.189413348549074	11.33842102380176
2	33.346420080167995	18.55863354059054	8.78987133707657
1	1.36917598417147	20.890975533094228	7.657134990544505
1	38.91034919465275	18.10880609064232	4.66502453342028
1	38.092843240952064	19.30896629279426	8.630015975220084
2	40.341281280499985	18.212107611440885	7.367730701463999
1	35.40593839582654	12.959760697750244	3.4163801304206056
1	31.086138552331267	14.592402334528856	2.213736617541571
1	31.881837026410167	15.810377991522659	6.217072009129443
2	33.429350172417074	15.407330283810394	3.519708786385948
1	1.5793928605979488	12.988750192370395	2.440890977502445
1	39.17655083795239	15.50294751222693	30.989433678989634
1	37.94007310727095	14.977836289533746	3.3329943788718617
2	40.514377379474524	15.637471253674269	2.070933193488817
1	35.624481336811215	15.48828142158461	8.641752527551352
1	39.85512447994783	13.578079902184546	7.638226644929898
1	38.7929029018585	12.64671209651125	11.287779693511574
2	37.42265848779526	12.844096852377692	8.675414731504999
1	28.975924669057708	18.693347538311055	13.364569227257906
1	32.26656406912292	21.337635070101072	10.442528721225953
1	33.176497952396474	20.516927544832086	14.193498030648842
2	30.718906208441535	21.395489003239064	13.08519187939366
1	28.889532898597977	15.369366905771109	18.22787333550701
1	32.281603945223345	12.767082556243887	15.640791177045973
1	33.198642569285944	13.366509253342027	19.403203299641344
2	30.66323168122105	12.67806907360901	18.03791181128297
1	35.640094000652105	18.82983680469514	14.293237685034235
1	39.91057370068471	20.43996950766221	12.518624799478319
1	39.476951300945544	21.74853072057385	16.288875637430714
2	37.63305778100416	21.231792132192762	13.93557687875156
1	35.19393033583306	21.06562603847408	18.986746227583954
1	30.787583051842187	18.901439510922724	18.319079667427452
1	32.385761173785454	18.358950381480273	22.192441936746004
2	33.43449262851612	18.368872583307176	19.37047841278788
1	1.5810093066364175	21.13027032931203	18.196958891424842
1	38.92466892729051	18.37867915226606	15.53782345614607
1	38.072913889794584	19.390054091946524	19.546005490707532
2	40.353295869719275	18.535347762383115	18.188382193834844
1	35.309448803390936	12.895984949462013	13.949739791327032
1	30.93474603195305	15.02851034235409	12.877982099771765
1	32.092604440821646	15.804163821323769	16.68099600260841
2	33.5407194890747	15.596643740665698	14.064976075288
1	1.7420826225803339	12.969698519726116	12.520975663514836
1	38.686235487447014	16.011081278121942	10.37505253342028
1	38.07455606129768	14.834042073687641	14.12517983697424
2	40.39242711442786	15.623420258054852	12.755496900654475
1	35.74695994131072	15.352578441473755	18.83632266058037
1	39.969063175741766	13.150548255624388	17.742244995109225
1	39.23224318878382	12.258202138897945	21.757899836974243
2	37.56898756111889	12.680906119260294	19.126903478782
1	29.01552708183893	18.6322992044343	24.176783482230192
1	32.15470062601891	21.21218588196935	21.014899719595693
1	33.167583971307465	20.651701871535703	24.80940194978806
2	30.70469127617172	21.202006150652096	23.64100354572738
1	29.016640430387998	15.142442262797521	28.687345523312683
1	32.593360508640366	12.517849390283665	25.799606684056084
1	33.41001760026084	13.34733619171829	29.954961949788068
2	30.99770598370481	12.650662138518687	28.439378524680613
1	35.80317012716009	18.944766586240625	24.7983202804043
1	39.98336131072709	20.578970929246818	23.325778695793936
1	39.304607538311046	21.20893596348223	27.145854776654712
2	37.60904324422344	21.56452943872892	24.81893940086851
1	35.5536110987936	20.97979915226606	30.150658480599933
1	31.0456908379524	19.11582862732312	28.706792076948158
1	32.07202148679491	18.2047849038148	0.6725683744176045
2	33.59848408138562	18.500717505446	29.98507052880911
1	1.8154011749116066	20.92325999347897	28.52276950114118
1	38.95538032605152	18.018139654385394	25.70975600912944
1	38.23553485490708	18.795966005868927	29.98296431040104
2	40.52465095031535	18.32955764544867	28.336833514311806
1	35.23263879360939	13.210563899576133	24.17886910987936
1	31.07060168894685	15.126113270296706	23.494583932181285
1	32.06761669383763	15.592391600912942	27.285854209325073
2	33.52443294616783	15.858065644530694	24.704584681872664
1	1.4601619704773086	12.839013720247799	23.66916985979785
1	39.19894796217802	15.338502451907402	20.490480841212914
1	37.78069015324421	14.82213719595696	24.302408144766872
2	40.418732959128825	15.509667366798897	23.204979755619608
1	35.87977029670688	15.401233655037496	30.086472650798825
1	39.9775019563091	13.12222001956309	28.51787795891751
1	39.47236240626019	12.685061591131397	0.535968615695726
2	37.55401675893953	12.733299733764257	30.01298956460527
1	29.134772174763608	30.29510588196935	1.8513756987936092
1	32.2306778284969	33.1687051190088	31.21048658343698
1	33.09098246494946	31.956609761982392	3.1638804805999343
2	30.65974307894086	32.9873263110832	2.1122580198257035
1	28.60799432670362	26.430483117052493	7.350548917508967
1	32.50631674600587	23.60148076296055	5.284314792957288
1	32.96158455167917	25.07814989892403	8.894741115096185
2	30.680059520038427	24.020198271072935	7.628007088434501
1	35.73602897945875	30.115332735572217	2.6506238265405933
1	39.64729644603847	32.147660867297034	1.7566223312683402
1	38.900932253015974	33.11714571242256	5.688467445712422
2	37.378419671480074	32.83690815259268	3.0420388217742556
1	35.382335148353434	32.377732950766216	8.340692618193675
1	31.281972422562763	30.616749298989237	7.039142187153569
1	31.921344232148677	29.50136188457776	10.7331466449299
2	33.65405999079648	29.729050015695904	8.259410660155247
1	1.4345714520554012	32.717027694815776	7.311432602543201
1	38.89749514835344	29.622308555591783	4.978839679165308
1	38.202561434626666	30.607445979784803	8.910743745679817
2	40.51875726446639	29.88755521317884	7.464200158029165
1	35.25437885881969	24.479799497880663	2.8609242921421583
1	31.585576732963812	25.949497971959566	1.9336792768177373
1	31.702571359634817	26.982764199543528	5.587544665145092
2	33.550807351031644	27.08504479240985	3.112641420419414
1	1.6216859613478647	24.5930731398761	2.165325900880339
1	38.806122751874796	27.18908993805021	31.205619236081255
1	37.77875674600587	26.715367401369416	3.3640360952070427
2	40.274551331773246	27.19916404557043	2.168509925822608
1	35.66430104988588	26.489718095859146	8.010077872187805
1	39.75472617541571	25.0548090968373	7.376529463971306
1	38.931825236387354	23.742059915226605	11.02456245842843
2	37.5216313136754	23.926106519386817	8.348939191566073
1	29.254907244864686	30.02281171829149	12.314360482556243
1	32.11939569611999	32.692886553635475	10.038092007825234
1	33.21921900228236	32.35400897293773	13.509102360612976
2	30.622182575411664	32.933288355545415	12.307629378680213
1	29.414105634170195	26.821693981089012	18.20986426475383
1	32.25567122269319	24.07489214215846	15.551789605477666
1	33.05743088359961	25.060679556569937	19.048722712748614
2	30.7897161502478	23.96298970884107	18.12738729393187
1	35.704914209325075	30.20768368438213	13.706900104336485
1	39.58846997065536	31.997441851972614	12.875240991196607
1	38.33635540919465	32.067801975872186	16.308194326703617
2	37.09769513617382	32.93003509139294	14.029076960560483
1	35.52065392239974	32.50813745027715	19.072705151613956
1	31.47302674274535	30.726211887838275	17.812566834039778
1	32.11184395826541	29.579858976198235	21.681372846429735
2	33.75889626068985	29.832328872487466	19.116599414019763
1	1.555119251207664	32.672949364199546	17.92648928594718
1	38.73961447016628	29.164164642973585	15.527805673296381
1	38.454285718943595	30.889272813824583	19.475603645255948
2	40.45817497039183	29.94786740770335	17.99078544026997
1	35.26066540593414	24.432963130094553	13.778471881317248
1	31.229941838930554	26.193232644277796	12.671282510596672
1	31.798199804369087	27.447706762308446	16.296778513205084
2	33.48960061856111	27.0754071374723	13.745905694044122
1	1.8479031116576152	24.331243051842193	12.51954143462667
1	38.4000616563417	26.921855161395502	10.397447556569938
1	38.25651643951744	25.965104029996738	14.220626371046624
2	40.41869412866356	26.859496906005347	12.624397022297687
1	35.55447399413107	26.909407949135964	19.095555604825563
1	39.86761609390283	24.92079111183567	17.8694104727747
1	39.03066193022497	23.47386041734594	21.779753283338767
2	37.522389650694905	24.411328840976758	19.137008741545618
1	29.00564727746984	30.078232083469185	22.82291336811216
1	32.580000743397456	33.064468940332574	20.779221245516794
1	33.23716627323117	32.20773700684708	24.589880743397458
2	30.830370699442554	32.78991890642391	23.051350968508316
1	28.997873224649496	26.786823573524618	28.658512905119007
1	32.37882655363548	23.68380732311705	26.371475363547436
1	33.273825334202805	24.78083040756439	30.21573297685034
2	30.829333911941248	24.152796967243138	28.826326640697083
1	35.54883444408216	30.33150048907727	24.129069162047607
1	39.85087289859797	32.01090781219433	23.214978708835993
1	39.240299615259204	32.895825314639715	26.920922940984674
2	37.551091640031196	32.805165793641734	24.406961571563784
1	35.318049005542875	32.88004154548418	29.300662999673946
1	31.04379412455168	30.62869573524617	28.28349897619824
1	31.883916661232476	29.853226423214863	0.26833970796830187
2	33.5027172640621	30.260770710501024	29.534423543254093
1	1.3188394272754778	32.42361217476361	28.61877497880665
1	38.686056537332895	29.895417932833386	25.932665438539292
1	37.5308351809586	30.27542084121291	29.579433713726768
2	40.11708804329214	29.8155166871189	28.450420758896712
1	35.42493595044017	24.527571737854583	24.701581532442127
1	31.47977842843169	26.073099152266057	22.927879654385393
1	31.747907453537657	27.565290707531787	26.79863844799478
2	33.60412275061119	27.14590280159909	24.41745695661273
1	1.5577941452409192	24.55245099445712	23.280529814150633
1	38.88929087055754	27.382223280078247	20.8691252689925
1	38.19326439517444	26.427218832735573	24.80180247799152
2	40.55008014896835	27.290780897377356	23.371546652849517
1	35.838869201173786	26.800210003260514	29.596897365503747
1	40.10571508314314	24.693660697750243	28.928525125529834
1	39.134780104336485	24.02871620476035	0.7590018338241897
2	37.62380502292553	24.114599263362916	29.901830369424392
